Tekla Structures MATERIAL LIST - Load into a specific Excel file - DO NOT CHANGE THIS LINE!

Project number:     ;
Project name:       ;
Project address:    ;
                    ;
                    ;
Date:               ;17.11.2025

Profile                       ;Material            ; NUM ;Length [mm];Length sum;Weight[kg];Weight sum; Area [m2];  Area sum;
HEA450                        ;S235JR              ;  1  ;        887;       887;     123.9;     123.9;      1.78;      1.78;
HEA450                        ;S235JR              ;  1  ;       1165;      1165;     162.8;     162.8;      2.34;      2.34;
HEA450                        ;S235JR              ;  1  ;       1607;      1607;     224.5;     224.5;      3.23;      3.23;
HEA450                        ;S235JR              ;  1  ;       2615;      2615;     365.4;     365.4;      5.26;      5.26;
HEA450                        ;S235JR              ;  1  ;       2622;      2622;     366.4;     366.4;      5.27;      5.27;
HEA450                        ;S235JR              ;  1  ;       2657;      2657;     371.2;     371.2;      5.34;      5.34;
HEA450                        ;S235JR              ;  1  ;       2676;      2676;     373.9;     373.9;      5.38;      5.38;
HEA450                        ;S235JR              ;  1  ;       2826;      2826;     394.9;     394.9;      5.68;      5.68;
HEA450                        ;S235JR              ;  1  ;       2833;      2833;     395.8;     395.8;      5.70;      5.70;
HEA450                        ;S235JR              ;  1  ;       4636;      4636;     647.8;     647.8;      9.32;      9.32;
HEA450                        ;S235JR              ;  1  ;       5078;      5078;     709.5;     709.5;     10.21;     10.21;
HEA450                        ;S235JR              ;  1  ;       5084;      5084;     710.4;     710.4;     10.22;     10.22;
HEA450                        ;S235JR              ;  1  ;       6197;      6197;     865.9;     865.9;     12.46;     12.46;
HEA450                        ;S235JR              ;  1  ;       6502;      6502;     908.5;     908.5;     13.07;     13.07;
HEA450                        ;S235JR              ;  1  ;       6801;      6801;     950.3;     950.3;     13.68;     13.68;
HEA450                        ;S235JR              ;  1  ;       7139;      7139;     997.6;     997.6;     14.36;     14.36;
HEA450                        ;S235JR              ;  1  ;       7140;      7140;     997.6;     997.6;     14.36;     14.36;
HEA450                        ;S235JR              ;  1  ;       7587;      7587;    1060.2;    1060.2;     15.26;     15.26;
HEA450                        ;S235JR              ;  1  ;       8088;      8088;    1130.2;    1130.2;     16.27;     16.27;
HEA450                        ;S235JR              ;  1  ;       8103;      8103;    1132.2;    1132.2;     16.30;     16.30;
HEA450                        ;S235JR              ;  1  ;       8133;      8133;    1136.4;    1136.4;     16.35;     16.35;
HEA450                        ;S235JR              ;  1  ;       8170;      8170;    1141.6;    1141.6;     16.43;     16.43;
HEA450                        ;S235JR              ;  1  ;       8172;      8172;    1141.9;    1141.9;     16.43;     16.43;
HEA450                        ;S235JR              ;  1  ;       8178;      8178;    1142.8;    1142.8;     16.45;     16.45;
HEA450                        ;S235JR              ;  1  ;       8334;      8334;    1164.6;    1164.6;     16.76;     16.76;
HEA450                        ;S235JR              ;  1  ;       8352;      8352;    1167.0;    1167.0;     16.80;     16.80;
HEA450                        ;S235JR              ;  1  ;       8760;      8760;    1224.0;    1224.0;     17.62;     17.62;
HEA450                        ;S235JR              ;  1  ;       9255;      9255;    1293.2;    1293.2;     18.61;     18.61;
HEA450                        ;S235JR              ;  1  ;       9268;      9268;    1295.1;    1295.1;     18.64;     18.64;
HEA450                        ;S235JR              ;  1  ;      16624;     16624;    2322.9;    2322.9;     33.43;     33.43;
HEA450                        ;S235JR              ;  1  ;      16680;     16680;    2330.7;    2330.7;     33.54;     33.54;
HEA450                        ;S235JR              ;  1  ;      16700;     16700;    2333.5;    2333.5;     33.58;     33.58;
Sub total, HEA450                                ; ;     ;           ;    218868;          ;   30582.5;          ;    440.14;
IPE160                        ;S235JR              ;  1  ;        264;       264;       4.2;       4.2;      0.16;      0.16;
IPE160                        ;S235JR              ;  3  ;        308;       924;       4.9;      14.6;      0.19;      0.58;
IPE160                        ;S235JR              ;  2  ;        309;       619;       4.9;       9.8;      0.19;      0.39;
IPE160                        ;S235JR              ;  1  ;        311;       311;       4.9;       4.9;      0.19;      0.19;
IPE160                        ;S235JR              ;  1  ;        312;       312;       4.9;       4.9;      0.19;      0.19;
IPE160                        ;S235JR              ;  5  ;        313;      1567;       4.9;      24.7;      0.20;      0.98;
IPE160                        ;S235JR              ;  4  ;        323;      1292;       5.1;      20.4;      0.20;      0.81;
IPE160                        ;S235JR              ;  1  ;        333;       333;       5.2;       5.2;      0.21;      0.21;
IPE160                        ;S235JR              ;  1  ;        373;       373;       5.9;       5.9;      0.23;      0.23;
IPE160                        ;S235JR              ; 13  ;        388;      5048;       6.1;      79.6;      0.24;      3.15;
IPE160                        ;S235JR              ;  1  ;        390;       390;       6.2;       6.2;      0.24;      0.24;
IPE160                        ;S235JR              ;  2  ;        391;       782;       6.2;      12.3;      0.24;      0.49;
IPE160                        ;S235JR              ;  1  ;        392;       392;       6.2;       6.2;      0.24;      0.24;
IPE160                        ;S235JR              ;  6  ;        398;      2390;       6.3;      37.7;      0.25;      1.49;
IPE160                        ;S235JR              ; 32  ;        512;     16374;       8.1;     258.2;      0.32;     10.20;
IPE160                        ;S235JR              ; 32  ;        517;     16534;       8.1;     260.7;      0.32;     10.30;
Sub total, IPE160                                ; ;     ;           ;     47906;          ;     755.5;          ;     29.85;
IPE240                        ;S235JR              ;  1  ;        840;       840;      25.8;      25.8;      0.77;      0.77;
IPE240                        ;S235JR              ;  3  ;        845;      2535;      25.9;      77.8;      0.78;      2.34;
IPE240                        ;S235JR              ;  1  ;        848;       848;      26.0;      26.0;      0.78;      0.78;
IPE240                        ;S235JR              ;  1  ;        880;       880;      27.0;      27.0;      0.81;      0.81;
IPE240                        ;S235JR              ;  1  ;       1559;      1559;      47.8;      47.8;      1.44;      1.44;
IPE240                        ;S235JR              ;  1  ;       1619;      1619;      49.7;      49.7;      1.49;      1.49;
IPE240                        ;S235JR              ;  2  ;       1626;      3253;      49.9;      99.8;      1.50;      3.00;
IPE240                        ;S235JR              ;  1  ;       1942;      1942;      59.6;      59.6;      1.79;      1.79;
IPE240                        ;S235JR              ;  2  ;       2110;      4220;      64.7;     129.5;      1.95;      3.89;
IPE240                        ;S235JR              ;  2  ;       2222;      4444;      68.2;     136.4;      2.05;      4.10;
IPE240                        ;S235JR              ;  2  ;       2237;      4475;      68.7;     137.3;      2.06;      4.13;
IPE240                        ;S235JR              ;  1  ;       2790;      2790;      85.6;      85.6;      2.57;      2.57;
IPE240                        ;S235JR              ;  2  ;       2874;      5749;      88.2;     176.4;      2.65;      5.30;
IPE240                        ;S235JR              ;  1  ;       3256;      3256;      99.9;      99.9;      3.00;      3.00;
IPE240                        ;S235JR              ;  1  ;       3257;      3257;      99.9;      99.9;      3.00;      3.00;
IPE240                        ;S235JR              ;  1  ;       4097;      4097;     125.7;     125.7;      3.78;      3.78;
IPE240                        ;S235JR              ;  1  ;       4144;      4144;     127.2;     127.2;      3.82;      3.82;
IPE240                        ;S235JR              ;  2  ;       4190;      8380;     128.6;     257.2;      3.86;      7.73;
IPE240                        ;S235JR              ;  4  ;       4249;     16997;     130.4;     521.6;      3.92;     15.67;
IPE240                        ;S235JR              ;  1  ;       4349;      4349;     133.5;     133.5;      4.01;      4.01;
IPE240                        ;S235JR              ;  2  ;       4366;      8733;     134.0;     268.0;      4.03;      8.05;
IPE240                        ;S235JR              ;  2  ;       4487;      8974;     137.7;     275.4;      4.14;      8.27;
IPE240                        ;S235JR              ;  1  ;       4586;      4586;     140.7;     140.7;      4.23;      4.23;
IPE240                        ;S235JR              ;  1  ;       4607;      4607;     141.4;     141.4;      4.25;      4.25;
IPE240                        ;S235JR              ;  1  ;       4608;      4608;     141.4;     141.4;      4.25;      4.25;
IPE240                        ;S235JR              ;  1  ;       4849;      4849;     148.8;     148.8;      4.47;      4.47;
IPE240                        ;S235JR              ;  1  ;       4850;      4850;     148.8;     148.8;      4.47;      4.47;
IPE240                        ;S235JR              ;  1  ;       4947;      4947;     151.8;     151.8;      4.56;      4.56;
IPE240                        ;S235JR              ;  1  ;       4971;      4971;     152.5;     152.5;      4.58;      4.58;
IPE240                        ;S235JR              ;  2  ;       5004;     10009;     153.6;     307.1;      4.61;      9.23;
IPE240                        ;S235JR              ;  1  ;       6038;      6038;     185.3;     185.3;      5.57;      5.57;
IPE240                        ;S235JR              ;  3  ;       6146;     18439;     188.6;     565.8;      5.67;     17.00;
IPE240                        ;S235JR              ;  1  ;       6182;      6182;     189.7;     189.7;      5.70;      5.70;
IPE240                        ;S235JR              ;  2  ;       6186;     12371;     189.8;     379.6;      5.70;     11.41;
IPE240                        ;S235JR              ;  1  ;       6189;      6189;     189.9;     189.9;      5.71;      5.71;
IPE240                        ;S235JR              ;  1  ;       6239;      6239;     191.4;     191.4;      5.75;      5.75;
IPE240                        ;S235JR              ;  3  ;       6246;     18739;     191.7;     575.0;      5.76;     17.28;
IPE240                        ;S235JR              ;  1  ;       6258;      6258;     192.0;     192.0;      5.77;      5.77;
IPE240                        ;S235JR              ;  1  ;       6264;      6264;     192.2;     192.2;      5.78;      5.78;
IPE240                        ;S235JR              ;  1  ;       6265;      6265;     192.3;     192.3;      5.78;      5.78;
IPE240                        ;S235JR              ;  1  ;       6271;      6271;     192.4;     192.4;      5.78;      5.78;
IPE240                        ;S235JR              ;  1  ;       6283;      6283;     192.8;     192.8;      5.79;      5.79;
IPE240                        ;S235JR              ;  3  ;       6296;     18889;     193.2;     579.6;      5.81;     17.42;
IPE240                        ;S235JR              ;  2  ;       6385;     12770;     195.9;     391.9;      5.89;     11.77;
IPE240                        ;S235JR              ;  1  ;       6417;      6417;     196.9;     196.9;      5.92;      5.92;
IPE240                        ;S235JR              ;  1  ;       6457;      6457;     198.1;     198.1;      5.95;      5.95;
IPE240                        ;S235JR              ;  2  ;       6506;     13012;     199.6;     399.3;      6.00;     12.00;
IPE240                        ;S235JR              ;  1  ;       6592;      6592;     202.3;     202.3;      6.08;      6.08;
IPE240                        ;S235JR              ;  1  ;       6619;      6619;     203.1;     203.1;      6.10;      6.10;
IPE240                        ;S235JR              ;  1  ;       6683;      6683;     205.1;     205.1;      6.16;      6.16;
IPE240                        ;S235JR              ;  1  ;       6770;      6770;     207.7;     207.7;      6.24;      6.24;
IPE240                        ;S235JR              ;  1  ;       6781;      6781;     208.1;     208.1;      6.25;      6.25;
IPE240                        ;S235JR              ;  1  ;       6838;      6838;     209.8;     209.8;      6.30;      6.30;
Sub total, IPE240                                ; ;     ;           ;    344134;          ;   10560.0;          ;    317.29;
IPE300                        ;S235JR              ;  1  ;       7464;      7464;     315.2;     315.2;      8.65;      8.65;
IPE300                        ;S235JR              ;  1  ;       7483;      7483;     316.0;     316.0;      8.67;      8.67;
IPE300                        ;S235JR              ;  1  ;       7998;      7998;     337.8;     337.8;      9.27;      9.27;
IPE300                        ;S235JR              ;  1  ;       8001;      8001;     337.9;     337.9;      9.27;      9.27;
IPE300                        ;S235JR              ;  1  ;       8177;      8177;     345.4;     345.4;      9.48;      9.48;
IPE300                        ;S235JR              ;  1  ;       8240;      8240;     348.0;     348.0;      9.55;      9.55;
IPE300                        ;S235JR              ;  1  ;       8241;      8241;     348.1;     348.1;      9.55;      9.55;
IPE300                        ;S235JR              ;  1  ;       8338;      8338;     352.2;     352.2;      9.66;      9.66;
IPE300                        ;S235JR              ;  1  ;       8363;      8363;     353.2;     353.2;      9.69;      9.69;
IPE300                        ;S235JR              ;  1  ;       8482;      8482;     358.2;     358.2;      9.83;      9.83;
IPE300                        ;S235JR              ;  1  ;       8490;      8490;     358.6;     358.6;      9.84;      9.84;
IPE300                        ;S235JR              ;  1  ;       8501;      8501;     359.0;     359.0;      9.85;      9.85;
IPE300                        ;S235JR              ;  1  ;       8551;      8551;     361.1;     361.1;      9.91;      9.91;
IPE300                        ;S235JR              ;  1  ;       8663;      8663;     365.9;     365.9;     10.04;     10.04;
IPE300                        ;S235JR              ;  1  ;       8735;      8735;     368.9;     368.9;     10.12;     10.12;
IPE300                        ;S235JR              ;  1  ;       8739;      8739;     369.1;     369.1;     10.13;     10.13;
IPE300                        ;S235JR              ;  1  ;       8827;      8827;     372.8;     372.8;     10.23;     10.23;
IPE300                        ;S235JR              ;  8  ;       8935;     71477;     377.3;    3018.7;     10.36;     82.84;
Sub total, IPE300                                ; ;     ;           ;    212768;          ;    8985.8;          ;    246.60;
IPE450                        ;S235JR              ;  1  ;        746;       746;      57.8;      57.8;      1.20;      1.20;
IPE450                        ;S235JR              ;  1  ;        758;       758;      58.8;      58.8;      1.22;      1.22;
IPE450                        ;S235JR              ;  1  ;        826;       826;      64.1;      64.1;      1.33;      1.33;
IPE450                        ;S235JR              ;  2  ;       1626;      3253;     126.1;     252.3;      2.61;      5.22;
IPE450                        ;S235JR              ;  2  ;       2402;      4804;     186.3;     372.6;      3.86;      7.71;
IPE450                        ;S235JR              ;  1  ;       4005;      4005;     310.6;     310.6;      6.43;      6.43;
IPE450                        ;S235JR              ;  1  ;       4188;      4188;     324.8;     324.8;      6.72;      6.72;
IPE450                        ;S235JR              ;  1  ;       4349;      4349;     337.3;     337.3;      6.98;      6.98;
IPE450                        ;S235JR              ;  1  ;       4967;      4967;     385.3;     385.3;      7.97;      7.97;
IPE450                        ;S235JR              ;  1  ;       6033;      6033;     467.9;     467.9;      9.68;      9.68;
IPE450                        ;S235JR              ;  1  ;       6246;      6246;     484.5;     484.5;     10.03;     10.03;
IPE450                        ;S235JR              ;  1  ;       6607;      6607;     512.4;     512.4;     10.60;     10.60;
IPE450                        ;S235JR              ;  1  ;       6610;      6610;     512.7;     512.7;     10.61;     10.61;
IPE450                        ;S235JR              ;  1  ;       6760;      6760;     524.3;     524.3;     10.85;     10.85;
IPE450                        ;S235JR              ;  1  ;       7296;      7296;     565.9;     565.9;     11.71;     11.71;
IPE450                        ;S235JR              ;  1  ;       8068;      8068;     625.8;     625.8;     12.95;     12.95;
IPE450                        ;S235JR              ;  2  ;       8079;     16158;     626.6;    1253.2;     12.97;     25.93;
IPE450                        ;S235JR              ;  1  ;       8113;      8113;     629.2;     629.2;     13.02;     13.02;
IPE450                        ;S235JR              ;  1  ;       8115;      8115;     629.4;     629.4;     13.02;     13.02;
IPE450                        ;S235JR              ;  1  ;       8121;      8121;     629.9;     629.9;     13.03;     13.03;
IPE450                        ;S235JR              ;  1  ;       8125;      8125;     630.1;     630.1;     13.04;     13.04;
IPE450                        ;S235JR              ;  1  ;       8140;      8140;     631.3;     631.3;     13.06;     13.06;
IPE450                        ;S235JR              ;  1  ;       8152;      8152;     632.2;     632.2;     13.08;     13.08;
IPE450                        ;S235JR              ;  1  ;       8154;      8154;     632.4;     632.4;     13.09;     13.09;
IPE450                        ;S235JR              ;  5  ;       8170;     40849;     633.6;    3168.2;     13.11;     65.56;
IPE450                        ;S235JR              ;  2  ;       8500;     17000;     659.2;    1318.5;     13.64;     27.29;
IPE450                        ;S235JR              ;  1  ;       8832;      8832;     685.0;     685.0;     14.17;     14.17;
IPE450                        ;S235JR              ;  1  ;       8935;      8935;     692.9;     692.9;     14.34;     14.34;
Sub total, IPE450                                ; ;     ;           ;    224210;          ;   17389.3;          ;    359.86;
PL19*144                      ;S235JR              ; 24  ;        398;      9552;       8.5;     204.1;      0.13;      3.22;
Sub total, PL19*144                              ; ;     ;           ;      9552;          ;     204.1;          ;      3.22;
PL20*270                      ;S235JR              ;  6  ;        395;      2370;      16.7;     100.5;      0.24;      1.44;
Sub total, PL20*270                              ; ;     ;           ;      2370;          ;     100.5;          ;      1.44;
UPN160                        ;S235JR              ;  2  ;      23367;     46734;     440.2;     880.5;     12.85;     25.70;
UPN160                        ;S235JR              ;  2  ;      89653;    179306;    1689.1;    3378.1;     49.31;     98.62;
Sub total, UPN160                                ; ;     ;           ;    226040;          ;    4258.6;          ;    124.32;
[]200*100*4                   ;S235JR              ;  2  ;       2887;      5775;      52.9;     105.9;      1.72;      3.45;
[]200*100*4                   ;S235JR              ;  3  ;       3300;      9901;      60.5;     181.6;      1.97;      5.91;
Sub total, []200*100*4                           ; ;     ;           ;     15675;          ;     287.4;          ;      9.35;
Total:                        ;                    ;     ;           ;          ;          ;   73123.7;          ;   1532.07;